5
5
7
9
9
14
13
4
6
6
8
9
5
5
5
4
9
9
9
9
9
9
9
9
9
9
5
5
9
9
9
9
11
11
11
11
11
10
9
12
12
6
9
12
9
13
12
12
10
12
11
10
10
12
11
14
11
11
10
6
4
6
9
7
5
9
9
9
9
9
6
9
9
5
5
9
5
14
9
9
9
9
6
9
6
9
9
13
9
9
8
6
4
6
9
11
9
11
4
9
7
14
9
9
5
14
10
5
14
11
10
11
11
4
4
7
7
7
7
14
5
13
9
5
14
11
8
11
5
5
9
9
9
9
4
9
5
11
6
9
9
5
11
7
6
9
6
6
5
9
12
5
5
6
6
9
14
14
14
9
11
11
11
11
11
11
14
11
10
10
10
10
6
6
6
6
11
12
12
12
12
12
12
9
12
12
12
12
12
11
10
9
9
9
9
9
9
9
14
9
9
9
9
9
5
5
5
5
9
9
9
9
9
9
9
9
9
9
9
9
9
9
9
9